3.559856489878782115e-01	4.043917311782884099e+02
6.031648866026231293e-01	2.843638758317319457e+02
8.579160745827347778e-01	1.925438826514414075e+02
1.113464310595710716e+00	1.728415412302919947e+02
1.374039914321364408e+00	1.346506291399961412e+02
1.619154704570298309e+00	1.207387270849508099e+02
1.870686673430271840e+00	1.025150671611643531e+02
2.123290040706380832e+00	8.887875286476575809e+01
2.378144976376236119e+00	7.647459723575107660e+01
2.630489925835516996e+00	6.792223505592188815e+01
2.878653162679494670e+00	5.733988904081544291e+01
3.131144366275339319e+00	5.300745291751201904e+01
3.388159578333816313e+00	4.678338615901125053e+01
3.638741848210948149e+00	4.174871483299919817e+01
3.888315910732085268e+00	3.814806124715511970e+01
4.139052155837465996e+00	3.461829043807367867e+01
4.390305777018236988e+00	3.253806206293182868e+01
4.642172339120373081e+00	2.998649572987861234e+01
4.894678666149941293e+00	2.769420425304057787e+01
5.147269052361176378e+00	2.595945033055093276e+01
5.398003206656323272e+00	2.398252602037798908e+01
5.647798235368590269e+00	2.199948244479189796e+01
5.900534302989873581e+00	2.018633412829556306e+01
6.151460297009074374e+00	1.892762285777880038e+01
6.402630176204441526e+00	1.723429401431026164e+01
6.655964674748322096e+00	1.594258249834234675e+01
6.908782583105771202e+00	1.461706024488237077e+01
7.159060853508338873e+00	1.340810593404822093e+01
7.409414762591408632e+00	1.261684182952738453e+01
7.659227149364629561e+00	1.164346700851189631e+01
7.911559474606142395e+00	1.118894576845361044e+01
8.163750941790897997e+00	1.021506789191355757e+01
8.415757210439384295e+00	9.742432440027073426e+00
8.667638839289207198e+00	9.200187251995151527e+00
8.918801124864609520e+00	8.779931198086378785e+00
9.170480108345369530e+00	8.238847928611670923e+00
9.420566033467249412e+00	7.882346490337349465e+00
9.671642335271435797e+00	7.502599946198499126e+00
9.923426157758477473e+00	7.040698337738702683e+00
1.017396902749181820e+01	6.674577802588411046e+00
1.042533700753922155e+01	6.355938922940290503e+00
1.067702948358784276e+01	6.058299463483594494e+00
1.092969337256462303e+01	5.702892305423365116e+00
1.118211872033766419e+01	5.434343336690753645e+00
1.143346516925797296e+01	5.141752925106188421e+00
1.168350508557724687e+01	4.941219919688585982e+00
1.193379937775929100e+01	4.607740421086176319e+00
1.218553055762879112e+01	4.454355975484005192e+00
1.243711650801278878e+01	4.272155673008395382e+00
1.268867268647359303e+01	4.118177039173538390e+00
1.294075027177769144e+01	3.937266896061885735e+00
1.319267287020158363e+01	3.770870834547601635e+00
1.344470571782862756e+01	3.614477235070023831e+00
1.369480150283709641e+01	3.464024830008350708e+00
1.394591277066507828e+01	3.356522344019100323e+00
1.419764645764527167e+01	3.253918139780102692e+00
1.444766774168416212e+01	3.164397031938837923e+00
1.469906835825429070e+01	3.044025358686051508e+00
1.495059118111036511e+01	2.901819742662276713e+00
1.520261612590052991e+01	2.823029847839414241e+00
1.545415944503929495e+01	2.727439658453273630e+00
1.570456072545780124e+01	2.617546780697792563e+00
1.595705800128773966e+01	2.516531033980812460e+00
1.620829297830731619e+01	2.412077432721872139e+00
1.645966591028190962e+01	2.335712092833921893e+00
1.671125708846596325e+01	2.257237102911521021e+00
1.696160259490052624e+01	2.176645132620090184e+00
1.721370276108077135e+01	2.091929059960688342e+00
1.746543424102250341e+01	2.039061831506153943e+00
1.771598473288305442e+01	1.955861199935954531e+00
1.796653767411944003e+01	1.906085990147711851e+00
1.821765658501893270e+01	1.838262972080438207e+00
1.847053788120423334e+01	1.803339738357624844e+00
1.872257696809484173e+01	1.737468300665509169e+00
1.897394097105746269e+01	1.669316303189388728e+00
1.922542454726159988e+01	1.626076252326342120e+00
1.947607703355479103e+01	1.580439700824912919e+00
1.972678839839982601e+01	1.533782333416727095e+00
1.997802698857814363e+01	1.487679280328457976e+00
2.022863620534168660e+01	1.459071769937839269e+00
2.047969598507238231e+01	1.414693723314696339e+00
2.073250439107362553e+01	1.389220533351435805e+00
2.098435855211640089e+01	1.336078437086353210e+00
2.123502923393334640e+01	1.308871332881030636e+00
2.148629411178690773e+01	1.262446930341693196e+00
2.173831825513516591e+01	1.243888606030956412e+00
2.198972260956887226e+01	1.208505624556539315e+00
2.223974971000711420e+01	1.193184139761305218e+00
2.249141870643862973e+01	1.141960734133246502e+00
2.274404614890906373e+01	1.124007879542016974e+00
2.299521835768831579e+01	1.098841963514361808e+00
2.324620084136223852e+01	1.077707484109068359e+00
2.349757798664387209e+01	1.044414562890037423e+00
2.374870488118759937e+01	1.020434820839169365e+00
2.399988781917473091e+01	1.003659726041864042e+00
2.425071646049711305e+01	9.724110967096180058e-01
2.450187830577813841e+01	9.515845587857358900e-01
2.475391093216606109e+01	9.331100441664504919e-01
2.500524226975159792e+01	9.182046999204046545e-01
2.525610980153284402e+01	8.997997902332912634e-01
2.550801425092822328e+01	8.773246395129301600e-01
2.575943113325822864e+01	8.658931290044036277e-01
2.601074166866445125e+01	8.492528539011913180e-01
2.626234447079615464e+01	8.264560876763705766e-01
2.651347712943701751e+01	8.160705643325721903e-01
2.676474177984877656e+01	7.965795854113282282e-01
2.701628079430242479e+01	7.868086379276983955e-01
2.726734205837282232e+01	7.668861617718483181e-01
2.751837013544679422e+01	7.517017836604857894e-01
2.776937726815812724e+01	7.395910420888665016e-01
2.802070160973895341e+01	7.289851061884947692e-01
2.827249982643487058e+01	7.126087787137292962e-01
2.852407603869968966e+01	7.003784995188756524e-01
2.877567300468570721e+01	6.875914666679974196e-01
2.902733523039245256e+01	6.780138615191451112e-01
2.927861073083739996e+01	6.662324885736919944e-01
2.953003196193969160e+01	6.534127466113480720e-01
2.978106336846375157e+01	6.423085727401748324e-01
3.003148440777084716e+01	6.302937331407257870e-01
3.028303386126418673e+01	6.198181711376608005e-01
3.053456493440382857e+01	6.091439030196570403e-01
3.078585183944906944e+01	6.018915152790137446e-01
3.103757946070165730e+01	5.907303478965719723e-01
3.128931656795834826e+01	5.824109053085991805e-01
3.154125974608096428e+01	5.685949129195592144e-01
3.179158626791808828e+01	5.613027828677557007e-01
3.204196438636942190e+01	5.519439696170381771e-01
3.229345624690945016e+01	5.453751711109463551e-01
3.254491795349546379e+01	5.373580553188290754e-01
3.279661199584414533e+01	5.278869868228028839e-01
3.304781054557115993e+01	5.175223310934009557e-01
3.329958828032162188e+01	5.098282172454033923e-01
3.355183723684311303e+01	5.047805416480740659e-01
3.380253855881218072e+01	4.963879066234064830e-01
3.405313147025059095e+01	4.885319361092488877e-01
3.430479305560803738e+01	4.844366454602336836e-01
3.455623390824965924e+01	4.737356003743931065e-01
3.480735498195039668e+01	4.681296567201215231e-01
3.505856438430107858e+01	4.616281248714279029e-01
3.531001549359893943e+01	4.537934573025406149e-01
3.556133107357548084e+01	4.470466443589452554e-01
3.581233698845250757e+01	4.397748843013266073e-01
3.606382608666838507e+01	4.352640456685332726e-01
3.631533331237931606e+01	4.264733519559540942e-01
3.656697642527945646e+01	4.214577525486682408e-01
3.681852327087045751e+01	4.141334879165983751e-01
3.706973766105884494e+01	4.081899755225610882e-01
3.732129678941971207e+01	4.030884720346648575e-01
3.757306314229551703e+01	3.976354702932307639e-01
3.782389924159279104e+01	3.936301028829436444e-01
3.807464007418068519e+01	3.876371344729043766e-01
3.832565302212735503e+01	3.833810958703693927e-01
3.857740378043642693e+01	3.782941022902254202e-01
3.882942253427300017e+01	3.754091410047246113e-01
3.908032307380011616e+01	3.700812455860394423e-01
3.933129330145365543e+01	3.663119819393138576e-01
3.958227876786669697e+01	3.605140776543636627e-01
3.983382520768443413e+01	3.589354503218487036e-01
4.008544842975349098e+01	3.535983532632861470e-01
4.033619301340542052e+01	3.493265921996548951e-01
4.058776599344974301e+01	3.430960494402504057e-01
4.083970221749189022e+01	3.397927378868417780e-01
4.109095921749577940e+01	3.361122991011078476e-01
4.134236727584069371e+01	3.319946026043411602e-01
4.159390229570379915e+01	3.282843489116934466e-01
4.184507899773220174e+01	3.216959647898086083e-01
4.209613747244114279e+01	3.183934091054860804e-01
4.234722818606434913e+01	3.161653912008400846e-01
4.259857332263157303e+01	3.120339798346989379e-01
4.285027109763341713e+01	3.081692927444449892e-01
4.310176195204312677e+01	3.051653987104563925e-01
4.335299280752174411e+01	3.018088802265206372e-01
4.360432095771267313e+01	2.982521148609810768e-01
4.385558663826572712e+01	2.949135142376112517e-01
4.410724528235365938e+01	2.912318276434359698e-01
4.435852190379520010e+01	2.882117928891946845e-01
4.460901713855037087e+01	2.842570655655267120e-01
4.486008510459071630e+01	2.821212309563885245e-01
4.511170295299168487e+01	2.783646756736343764e-01
4.536358210673532199e+01	2.763962075131451424e-01
4.561456198601624124e+01	2.717740551063657084e-01
4.586556721283918137e+01	2.698933254639352408e-01
4.611769651966599781e+01	2.661516262037125768e-01
4.636915627004315610e+01	2.635436570237365550e-01
4.662034887549072693e+01	2.604170636261458061e-01
4.687172305024841279e+01	2.578329838702129173e-01
4.712349745478636009e+01	2.556696410277844445e-01
4.737470617006108142e+01	2.530876973447290790e-01
4.762538569197067062e+01	2.500556127262651973e-01
4.787648835337603259e+01	2.473127381558319626e-01
4.812806309416585293e+01	2.448744749999872683e-01
4.837947377766823820e+01	2.428617546649274872e-01
4.863055608299239907e+01	2.407384785498261903e-01
4.888199020684587026e+01	2.377641206874027968e-01
4.913362466485948232e+01	2.362095261366319032e-01
4.938531946307731602e+01	2.334358616501981676e-01
4.963608988707425596e+01	2.312814424785272771e-01
4.988699356578750610e+01	2.293144723624917780e-01
5.013861839733769443e+01	2.280186526758888332e-01
5.038999807568713862e+01	2.252827451368189515e-01
5.064128572509015669e+01	2.233598073570038367e-01
5.089265153888026560e+01	2.208263866799928532e-01
5.114416620234485578e+01	2.196418672942832551e-01
5.139546355734375993e+01	2.178521716771911476e-01
5.164701680266333028e+01	2.168178414504198237e-01
5.189862905495089507e+01	2.151426291505097455e-01
5.214967308047777550e+01	2.138836432367317297e-01
5.240069291691047226e+01	2.118554815980187578e-01
5.265205790651547346e+01	2.107314672542612843e-01
5.290347041453212995e+01	2.083996134665974942e-01
5.315461969811498477e+01	2.075602641764340561e-01
5.340579219818222612e+01	2.065525384110403206e-01
5.365762065089100474e+01	2.055387003390451994e-01
5.390923473668377852e+01	2.041180227917145096e-01
5.416006359979510876e+01	2.028196714900871167e-01
5.441130437191114311e+01	2.017357201122694788e-01
5.466262745830391623e+01	2.000836887195453218e-01
5.491405993929731011e+01	1.989078216104349095e-01
5.516541491717607215e+01	1.975648745765732350e-01
5.541638268596229011e+01	1.965686167013061536e-01
5.566794564877197615e+01	1.952162486095773697e-01
5.591937805757883950e+01	1.933527934640137946e-01
5.617071533636728020e+01	1.920622817869869214e-01
5.642219117939477258e+01	1.915568545384073729e-01
5.667351334189861944e+01	1.902888275177688215e-01
5.692472708748548627e+01	1.892055353881231528e-01
5.717591204656960002e+01	1.885519278144398569e-01
5.742747687291149106e+01	1.874351472736801583e-01
5.767908487077198032e+01	1.862585434531757456e-01
5.793014671413330063e+01	1.852994729804212926e-01
5.818129395888691135e+01	1.844612002303055720e-01
5.843277276607519610e+01	1.837234657193952403e-01
5.868441457608106049e+01	1.823190566171008220e-01
5.893571635795849062e+01	1.815173963458427686e-01
5.918679860974395979e+01	1.807638128224069440e-01
5.943824578411374659e+01	1.803719224485187955e-01
5.968934443052460637e+01	1.791850238975567500e-01
5.994009881519919958e+01	1.784789552127454826e-01
6.019143008204730450e+01	1.774834036867646292e-01
6.044303967578304793e+01	1.770535508978288430e-01
6.069446539940648933e+01	1.763868034491924142e-01
6.094594283876522667e+01	1.759671929136211177e-01
6.119752142863568878e+01	1.750667880650035313e-01
6.144920707655568037e+01	1.746266296468168000e-01
6.170042875117553649e+01	1.741148868214585643e-01
6.195135852331920745e+01	1.736230693831214145e-01
6.220292279118605450e+01	1.733383453678905839e-01
6.245429299708936099e+01	1.733687296198169747e-01
6.270516484212564734e+01	1.728104110533114912e-01
6.295654789617530156e+01	1.725686635474126818e-01
6.320814180923495940e+01	1.727435134108049886e-01
6.345941573738152641e+01	1.724372138358890583e-01
6.371040057052023542e+01	1.728320260383769957e-01
6.396185745578683424e+01	1.724819747951182591e-01
6.421368546549915379e+01	1.730298932391666211e-01
6.446479073454199238e+01	1.728766437024019387e-01
6.471588673409551973e+01	1.716227979459192254e-01
6.496730834160189261e+01	1.706023036870347731e-01
6.521856319783852030e+01	1.693300532571574701e-01
6.546992987326736113e+01	1.683917158073102160e-01
6.572120553073852989e+01	1.675293550041493662e-01
6.597232322532917692e+01	1.670619426662969254e-01
6.622368994537650622e+01	1.657632232802890848e-01
6.647513103932683975e+01	1.655409974088600800e-01
6.672672959741110787e+01	1.644953083733795285e-01
6.697798244417811020e+01	1.643188703514411042e-01
6.722885542524284119e+01	1.633542711628685196e-01
6.748048616955249202e+01	1.621107829007879531e-01
6.773229923195737001e+01	1.618859735812040734e-01
6.798322572139460362e+01	1.606327665957734407e-01
6.823447173775937813e+01	1.598702874754444059e-01
6.848606896751729778e+01	1.590476514955371790e-01
6.873741544680683546e+01	1.587013234057752797e-01
6.898873787744179253e+01	1.579614836064240635e-01
6.923979673744193519e+01	1.572772763926222339e-01
6.949145441276264989e+01	1.560758780574192650e-01
6.974265210301840057e+01	1.556909349202990345e-01
6.999344031108012132e+01	1.549902069995848231e-01
7.024493114765583357e+01	1.550686761365838162e-01
7.049642464225027538e+01	1.540404425055690862e-01
7.074774315836204153e+01	1.538466895266234480e-01
7.099906993548422918e+01	1.535931229339638215e-01
7.125054486425644029e+01	1.526775756222047697e-01
7.150182990423201090e+01	1.520846925555943696e-01
7.175309169194970593e+01	1.521738344064845760e-01
7.200430886966613286e+01	1.512194441800357447e-01
7.225563655627148307e+01	1.509024182289319393e-01
7.250698057097335436e+01	1.503945221585417658e-01
7.275814540940223196e+01	1.497865496903710569e-01
7.300954011634642882e+01	1.494336751916253703e-01
7.326094744803241099e+01	1.491985668520636188e-01
7.351241635922633577e+01	1.479535639796240865e-01
7.376385704484314942e+01	1.479269807480046162e-01
7.401507686011912313e+01	1.473824426814027699e-01
7.426642983754513239e+01	1.470350488908968301e-01
7.451774392350500875e+01	1.463955348208601792e-01
7.476888196695857403e+01	1.458572841686993360e-01
7.502031254291918572e+01	1.461947669846584974e-01
7.527179980263341008e+01	1.452125073066302674e-01
7.552311252549999665e+01	1.453932776805682836e-01
7.577409780062980360e+01	1.447508086358619550e-01
7.602551875404107307e+01	1.442062342645458739e-01
7.627713348914349467e+01	1.439742155424976744e-01
7.652808863434110265e+01	1.434667871629819180e-01
7.677928937816385258e+01	1.438286678202011226e-01
7.703080422988723797e+01	1.426159329070138815e-01
7.728259641407451852e+01	1.432283270098194672e-01
7.753362846048165125e+01	1.428459043429013420e-01
7.778433144503740948e+01	1.425315799178351883e-01
7.803587445609785789e+01	1.425192707916685675e-01
7.828752478929132508e+01	1.426095673107289075e-01
7.853900368295268208e+01	1.427667244622612963e-01
7.879021312407734001e+01	1.421089922339502654e-01
7.904165509986182769e+01	1.419265455614648064e-01
7.929330413459700821e+01	1.426844141896120299e-01
7.954446877222407863e+01	1.420932177216904235e-01
7.979551714753698377e+01	1.425185533883181477e-01
8.004692165377868207e+01	1.429353571891903152e-01
8.029810489950233432e+01	1.422461834577059825e-01
8.054908874480256031e+01	1.422669520793084785e-01
8.080044321541014085e+01	1.419065258808086816e-01
8.105216211323228492e+01	1.427861092131337828e-01
8.130349433109076074e+01	1.428671539116895539e-01
8.155444015076058406e+01	1.431271474640313235e-01
8.180579598042007206e+01	1.428037946308446937e-01
8.205747345046690100e+01	1.435496031448152687e-01
8.230895288137371324e+01	1.444446126083341886e-01
8.256017853616197044e+01	1.445227344194477126e-01
8.281171136842024794e+01	1.449714047109631754e-01
8.306338874103768433e+01	1.445247168555444939e-01
8.331416972271263433e+01	1.445812446871496959e-01
8.356490365514949303e+01	1.451603215498153687e-01
8.381669207113579034e+01	1.463695090384597441e-01
8.406812178552961257e+01	1.462963657870304801e-01
8.431890933464019611e+01	1.472601170140229176e-01
8.457023187027826339e+01	1.480407530339126199e-01
8.482151559398789686e+01	1.486130272029549670e-01
8.507283003168710422e+01	1.490237140319300713e-01
8.532426808165841692e+01	1.496506606760129310e-01
8.557600476924378086e+01	1.493978337256374189e-01
8.582757594343893004e+01	1.505847340024310255e-01
8.607831587296919906e+01	1.513057475435238552e-01
8.632961333877408094e+01	1.510708155492377636e-01
8.658121923681562748e+01	1.526577056956856526e-01
8.683268673150530503e+01	1.528317239492161805e-01
8.708396519721972595e+01	1.546779958030521096e-01
8.733506961066505880e+01	1.549910886107171981e-01
8.758618105842411694e+01	1.555536528255266893e-01
8.783752567351578477e+01	1.558926703925900825e-01
8.808868914679788986e+01	1.571960798688618322e-01
8.833994003395393690e+01	1.570699427893509081e-01
8.859174898584991809e+01	1.576816063017470182e-01
8.884303273375222432e+01	1.579620175042301955e-01
8.909352487970716084e+01	1.586134380486884654e-01
8.934511690540148265e+01	1.594141658230344427e-01
8.959715158813172309e+01	1.596672434906636351e-01
8.984803368908821142e+01	1.588968285035027572e-01
9.009924288814356430e+01	1.592361482210974122e-01
9.035039732041329330e+01	1.599053188696552275e-01
9.060151066709157419e+01	1.594182348778812874e-01
9.085215645777752513e+01	1.594986846267940073e-01
9.110358912880106175e+01	1.587787772025424649e-01
9.135593221689693166e+01	1.578733388181245145e-01
9.160680049007517312e+01	1.582937428232321087e-01
9.185814296072571494e+01	1.578222285127869884e-01
9.211014914083067140e+01	1.576928591353048970e-01
9.236133039430572467e+01	1.581408269075575690e-01
9.261226961967061300e+01	1.584467651553926326e-01
9.286339612223196127e+01	1.582379056919012983e-01
9.311503395193372512e+01	1.589893995702983676e-01
9.336621751977830286e+01	1.590130787356261455e-01
9.361677474844866254e+01	1.586820691268885641e-01
9.386828402731896404e+01	1.591015762186248628e-01
9.412013166396859276e+01	1.590124307977101858e-01
9.437159577797395116e+01	1.612357158689419478e-01
9.462215507964623384e+01	1.610480023445536868e-01
9.487303142853234306e+01	1.612411087145221023e-01
9.512563612801736213e+01	1.640193492285728916e-01
9.537712370347337298e+01	1.649546235208301792e-01
9.562770329733204733e+01	1.647349449129656973e-01
9.587952553542562839e+01	1.652483403777285087e-01
9.613214193709879396e+01	1.674472016522863815e-01
9.638292294616348954e+01	1.693489899457946979e-01
9.663323205539920480e+01	1.674065096587034063e-01
9.688575427051634392e+01	1.721602783694839434e-01
9.713720230214802598e+01	1.705694847115582502e-01
9.738711075112470894e+01	1.720301164015420048e-01
9.763880850310884796e+01	1.718106170669360389e-01
9.789195925073893534e+01	1.745394983106381137e-01
9.814276473823834124e+01	1.748710956209602319e-01
9.839200152577470249e+01	1.778472112360089397e-01
9.864436939619000100e+01	1.796768000775536278e-01
9.889657229158518703e+01	1.832613760002250181e-01
9.914654206758739008e+01	1.837697254511998224e-01
9.939737265117041431e+01	1.870019598309177467e-01
9.964971324453516388e+01	1.887139867893004030e-01
9.990221505033474614e+01	1.897090636188286106e-01
1.001521516083068519e+02	1.907866727928861361e-01
1.004020181344354228e+02	1.922342318674347683e-01
1.006555261342845853e+02	1.923719720052868010e-01
1.009078779715744503e+02	1.932794336623159526e-01
1.011564847190979037e+02	1.950571926952085478e-01
1.014077980390921851e+02	1.954243260571388308e-01
1.016621206036857075e+02	1.958904422615116714e-01
1.019133439536030323e+02	1.977508907522228521e-01
1.021611090492770160e+02	1.974316199960604590e-01
1.024134287982906386e+02	1.992107970482087098e-01
1.026689526987222933e+02	2.039714255812954125e-01
1.029179005362147450e+02	2.083504425308197183e-01
1.031645010122565509e+02	2.096495235812926294e-01
1.034190198448752227e+02	2.114336231066369920e-01
1.036740078018821123e+02	2.131730913436595265e-01
1.039223728592707516e+02	2.181365838703067384e-01
1.041718863957155321e+02	2.179998973120910732e-01
1.044269799004653407e+02	2.210090448075099356e-01
1.046773133673284093e+02	2.264434073606892417e-01
1.049203418007823814e+02	2.299747535221158823e-01
1.051759012379430231e+02	2.313690728923147311e-01
1.054364230283171651e+02	2.345167612623117459e-01
1.056811914497119176e+02	2.400456857107292064e-01
1.059215804876414495e+02	2.447728752106301808e-01
1.061816384917722758e+02	2.453773140772691486e-01
1.064472113030423515e+02	2.444051378395179497e-01
1.066878058983536732e+02	2.508953327695143676e-01
1.069236360402103827e+02	2.613421348992658322e-01
1.071892705778195563e+02	2.606391321957977070e-01
1.074586772409291342e+02	2.656307743712745806e-01
1.076879342587935611e+02	2.723466707002773490e-01
1.079185870885384446e+02	2.746393176848763718e-01
1.081956775747713095e+02	2.720986569970267888e-01
1.084728105259587352e+02	2.820807006009951046e-01
1.086839161354765366e+02	2.877248047520847285e-01
1.089114578639759117e+02	2.834164676797906735e-01
1.091979138747751392e+02	3.056526440718533300e-01
1.094826115122194068e+02	3.033096750674967867e-01
1.096995281563482934e+02	3.526473797057684822e-01
1.099149327348783771e+02	3.324718140754018836e-01
1.102017255337961075e+02	3.316092898914744791e-01
1.104879737748566555e+02	4.225016943968693539e-01
1.107157115274964241e+02	5.530521422499193873e-01
1.109132792987308136e+02	4.636859030597927922e-01
1.111862324688471801e+02	4.319941463298409556e-01
1.114398329385503388e+02	3.165006212592199469e-02