3.559856489878782115e-01	4.166108486698176989e+02
6.031648866026231293e-01	2.972028852719679435e+02
8.579160745827347778e-01	2.007493669164841492e+02
1.113464310595710716e+00	1.816209272657740712e+02
1.374039914321364408e+00	1.410661972115560729e+02
1.619154704570298309e+00	1.263457585166032402e+02
1.870686673430271840e+00	1.073249925495945263e+02
2.123290040706380832e+00	9.377078023883602498e+01
2.378144976376236119e+00	8.090414665818993001e+01
2.630489925835516996e+00	7.277702038694678777e+01
2.878653162679494670e+00	6.173769986927840847e+01
3.131144366275339319e+00	5.815164809359630738e+01
3.388159578333816313e+00	5.185230475012220808e+01
3.638741848210948149e+00	4.658559118855581005e+01
3.888315910732085268e+00	4.348565458075336210e+01
4.139052155837465996e+00	3.981591535647199009e+01
4.390305777018236988e+00	3.754194980138129978e+01
4.642172339120373081e+00	3.465411963913648208e+01
4.894678666149941293e+00	3.187416614664167014e+01
5.147269052361176378e+00	2.966141128021213191e+01
5.398003206656323272e+00	2.765481919257516452e+01
5.647798235368590269e+00	2.558941776776917365e+01
5.900534302989873581e+00	2.325486677020430193e+01
6.151460297009074374e+00	2.209872456888519565e+01
6.402630176204441526e+00	2.051829732453712296e+01
6.655964674748322096e+00	1.907182634075105199e+01
6.908782583105771202e+00	1.742894497951871813e+01
7.159060853508338873e+00	1.596228794993045774e+01
7.409414762591408632e+00	1.503492260927791691e+01
7.659227149364629561e+00	1.385985293417425090e+01
7.911559474606142395e+00	1.333397728831200979e+01
8.163750941790897997e+00	1.208976153602296222e+01
8.415757210439384295e+00	1.149286165960059414e+01
8.667638839289207198e+00	1.072162819002612366e+01
8.918801124864609520e+00	1.020693534125231139e+01
9.170480108345369530e+00	9.478472111418165369e+00
9.420566033467249412e+00	9.076747833443857161e+00
9.671642335271435797e+00	8.718156019299600601e+00
9.923426157758477473e+00	8.208109358036296044e+00
1.017396902749181820e+01	7.790969485756111368e+00
1.042533700753922155e+01	7.394461508600993049e+00
1.067702948358784276e+01	7.046008512810777447e+00
1.092969337256462303e+01	6.711457086532197636e+00
1.118211872033766419e+01	6.379913136472692869e+00
1.143346516925797296e+01	6.092858955379134578e+00
1.168350508557724687e+01	5.954155015390295347e+00
1.193379937775929100e+01	5.554165477127713579e+00
1.218553055762879112e+01	5.347610222979309214e+00
1.243711650801278878e+01	5.193681802861920715e+00
1.268867268647359303e+01	4.995488873985441280e+00
1.294075027177769144e+01	4.800994737421027558e+00
1.319267287020158363e+01	4.577546185582234806e+00
1.344470571782862756e+01	4.420558220495568236e+00
1.369480150283709641e+01	4.237810124845535320e+00
1.394591277066507828e+01	4.131519422935268082e+00
1.419764645764527167e+01	3.982676231065593431e+00
1.444766774168416212e+01	3.802454053763481223e+00
1.469906835825429070e+01	3.720273300196610844e+00
1.495059118111036511e+01	3.544622239730062851e+00
1.520261612590052991e+01	3.486805152897515470e+00
1.545415944503929495e+01	3.360447062247799099e+00
1.570456072545780124e+01	3.257153496753451449e+00
1.595705800128773966e+01	3.139570637204364356e+00
1.620829297830731619e+01	3.069858632487758143e+00
1.645966591028190962e+01	2.967943712624453667e+00
1.671125708846596325e+01	2.890790254636219192e+00
1.696160259490052624e+01	2.791405913281900020e+00
1.721370276108077135e+01	2.685471442570119383e+00
1.746543424102250341e+01	2.633815118397885957e+00
1.771598473288305442e+01	2.520363475059420377e+00
1.796653767411944003e+01	2.451585874325184378e+00
1.821765658501893270e+01	2.355872327918523190e+00
1.847053788120423334e+01	2.317392559812946562e+00
1.872257696809484173e+01	2.251626612924009230e+00
1.897394097105746269e+01	2.195895373400556849e+00
1.922542454726159988e+01	2.137294989484146868e+00
1.947607703355479103e+01	2.070790745725075155e+00
1.972678839839982601e+01	2.017186166974590744e+00
1.997802698857814363e+01	1.961433752307307321e+00
2.022863620534168660e+01	1.895923028470992922e+00
2.047969598507238231e+01	1.852654447179509001e+00
2.073250439107362553e+01	1.818862224252736803e+00
2.098435855211640089e+01	1.772957695012786106e+00
2.123502923393334640e+01	1.731250349189882076e+00
2.148629411178690773e+01	1.689292174848600281e+00
2.173831825513516591e+01	1.639245948258096330e+00
2.198972260956887226e+01	1.593622017300341698e+00
2.223974971000711420e+01	1.572513336187082444e+00
2.249141870643862973e+01	1.526173145229323680e+00
2.274404614890906373e+01	1.493724294189595181e+00
2.299521835768831579e+01	1.468362068682614208e+00
2.324620084136223852e+01	1.423440210589381749e+00
2.349757798664387209e+01	1.389389047466279115e+00
2.374870488118759937e+01	1.349841738141929648e+00
2.399988781917473091e+01	1.320552865481038785e+00
2.425071646049711305e+01	1.294094839955968190e+00
2.450187830577813841e+01	1.257886947702817171e+00
2.475391093216606109e+01	1.240498594730982340e+00
2.500524226975159792e+01	1.209458847786553548e+00
2.525610980153284402e+01	1.175020119852059342e+00
2.550801425092822328e+01	1.154111122282016622e+00
2.575943113325822864e+01	1.125495958066929703e+00
2.601074166866445125e+01	1.103061800330497499e+00
2.626234447079615464e+01	1.081054748494968853e+00
2.651347712943701751e+01	1.059685007437453974e+00
2.676474177984877656e+01	1.035074419966174553e+00
2.701628079430242479e+01	1.019034423442669146e+00
2.726734205837282232e+01	9.995978732922843335e-01
2.751837013544679422e+01	9.794860919506755970e-01
2.776937726815812724e+01	9.654088442661236114e-01
2.802070160973895341e+01	9.495249137354671021e-01
2.827249982643487058e+01	9.313030947620289934e-01
2.852407603869968966e+01	9.160896310360947536e-01
2.877567300468570721e+01	8.972331793203243144e-01
2.902733523039245256e+01	8.798530946222202775e-01
2.927861073083739996e+01	8.642836241946306730e-01
2.953003196193969160e+01	8.508347653115896358e-01
2.978106336846375157e+01	8.425491982475966646e-01
3.003148440777084716e+01	8.241465579371310968e-01
3.028303386126418673e+01	8.075039050393401086e-01
3.053456493440382857e+01	7.927307953108505556e-01
3.078585183944906944e+01	7.805927560968376477e-01
3.103757946070165730e+01	7.669721499012346344e-01
3.128931656795834826e+01	7.552380048019688985e-01
3.154125974608096428e+01	7.438772188739994906e-01
3.179158626791808828e+01	7.318134873659203343e-01
3.204196438636942190e+01	7.263995477034110859e-01
3.229345624690945016e+01	7.120001461326131986e-01
3.254491795349546379e+01	6.991288851017747330e-01
3.279661199584414533e+01	6.871912940824141947e-01
3.304781054557115993e+01	6.768397929310295824e-01
3.329958828032162188e+01	6.714793227091566674e-01
3.355183723684311303e+01	6.591270229789849555e-01
3.380253855881218072e+01	6.488680596416736002e-01
3.405313147025059095e+01	6.331799313705440690e-01
3.430479305560803738e+01	6.288874288999563023e-01
3.455623390824965924e+01	6.134106066091697951e-01
3.480735498195039668e+01	6.069709631347971479e-01
3.505856438430107858e+01	5.960188526464951231e-01
3.531001549359893943e+01	5.869225602056437063e-01
3.556133107357548084e+01	5.734670831882336950e-01
3.581233698845250757e+01	5.672792743287395911e-01
3.606382608666838507e+01	5.586099266980807387e-01
3.631533331237931606e+01	5.484689810458029946e-01
3.656697642527945646e+01	5.375024565763000250e-01
3.681852327087045751e+01	5.319852180894102389e-01
3.706973766105884494e+01	5.233600482235161166e-01
3.732129678941971207e+01	5.132377924689198734e-01
3.757306314229551703e+01	5.068047243413182912e-01
3.782389924159279104e+01	4.996280739425673079e-01
3.807464007418068519e+01	4.927180399207941042e-01
3.832565302212735503e+01	4.839519693895580343e-01
3.857740378043642693e+01	4.766090506827720952e-01
3.882942253427300017e+01	4.711690717420652375e-01
3.908032307380011616e+01	4.630153126567995159e-01
3.933129330145365543e+01	4.571801777557404356e-01
3.958227876786669697e+01	4.489226388363147247e-01
3.983382520768443413e+01	4.438411919677172079e-01
4.008544842975349098e+01	4.363444475882592433e-01
4.033619301340542052e+01	4.315315117563223724e-01
4.058776599344974301e+01	4.235674331206957244e-01
4.083970221749189022e+01	4.160056529059730779e-01
4.109095921749577940e+01	4.110695740638585227e-01
4.134236727584069371e+01	4.038068749630839283e-01
4.159390229570379915e+01	4.005890070571120898e-01
4.184507899773220174e+01	3.970612997347064965e-01
4.209613747244114279e+01	3.894967278335283445e-01
4.234722818606434913e+01	3.853138950719556810e-01
4.259857332263157303e+01	3.789517886595518692e-01
4.285027109763341713e+01	3.757256806829546991e-01
4.310176195204312677e+01	3.710317703508846376e-01
4.335299280752174411e+01	3.659396711433770544e-01
4.360432095771267313e+01	3.619887995651729917e-01
4.385558663826572712e+01	3.589577719811660184e-01
4.410724528235365938e+01	3.530967377905643856e-01
4.435852190379520010e+01	3.499936057268101530e-01
4.460901713855037087e+01	3.464921517935421469e-01
4.486008510459071630e+01	3.406963926294990230e-01
4.511170295299168487e+01	3.378563690267026853e-01
4.536358210673532199e+01	3.330800179705428743e-01
4.561456198601624124e+01	3.300915811171452052e-01
4.586556721283918137e+01	3.263765319002976950e-01
4.611769651966599781e+01	3.221573178221756040e-01
4.636915627004315610e+01	3.202244560071706436e-01
4.662034887549072693e+01	3.151829143308808034e-01
4.687172305024841279e+01	3.129234395250954370e-01
4.712349745478636009e+01	3.095320641167762510e-01
4.737470617006108142e+01	3.065666281186874009e-01
4.762538569197067062e+01	3.032851086752165748e-01
4.787648835337603259e+01	3.000036832534430098e-01
4.812806309416585293e+01	2.974518323765905636e-01
4.837947377766823820e+01	2.947769015326621167e-01
4.863055608299239907e+01	2.901839261095601197e-01
4.888199020684587026e+01	2.885809071433839135e-01
4.913362466485948232e+01	2.854143406064708621e-01
4.938531946307731602e+01	2.833496820615213907e-01
4.963608988707425596e+01	2.806305307586928754e-01
4.988699356578750610e+01	2.770463574515856786e-01
5.013861839733769443e+01	2.746209825270172211e-01
5.038999807568713862e+01	2.725723065025527636e-01
5.064128572509015669e+01	2.701969946557878921e-01
5.089265153888026560e+01	2.658838491382520819e-01
5.114416620234485578e+01	2.642564296752357156e-01
5.139546355734375993e+01	2.612702676188576878e-01
5.164701680266333028e+01	2.575866296637561170e-01
5.189862905495089507e+01	2.549590448236197515e-01
5.214967308047777550e+01	2.524873007534168545e-01
5.240069291691047226e+01	2.511785611857689782e-01
5.265205790651547346e+01	2.486697228931696313e-01
5.290347041453212995e+01	2.463653279632333770e-01
5.315461969811498477e+01	2.434130402777749114e-01
5.340579219818222612e+01	2.411899365461336875e-01
5.365762065089100474e+01	2.391320529708346743e-01
5.390923473668377852e+01	2.368775543420137408e-01
5.416006359979510876e+01	2.355471599348234746e-01
5.441130437191114311e+01	2.332854038808254704e-01
5.466262745830391623e+01	2.302697084838427610e-01
5.491405993929731011e+01	2.291665132156582296e-01
5.516541491717607215e+01	2.270692133871629881e-01
5.541638268596229011e+01	2.248077258540609191e-01
5.566794564877197615e+01	2.227162371701639776e-01
5.591937805757883950e+01	2.210375008430875698e-01
5.617071533636728020e+01	2.188785168450001206e-01
5.642219117939477258e+01	2.168766283975426257e-01
5.667351334189861944e+01	2.158154295202040496e-01
5.692472708748548627e+01	2.137167003268971299e-01
5.717591204656960002e+01	2.126483903659293906e-01
5.742747687291149106e+01	2.119897981399079256e-01
5.767908487077198032e+01	2.099807364661243625e-01
5.793014671413330063e+01	2.078408274734190320e-01
5.818129395888691135e+01	2.074380514046877677e-01
5.843277276607519610e+01	2.054227914205096206e-01
5.868441457608106049e+01	2.049518361349518536e-01
5.893571635795849062e+01	2.034875168161547065e-01
5.918679860974395979e+01	2.026671773104437302e-01
5.943824578411374659e+01	2.006320682425584701e-01
5.968934443052460637e+01	2.001438012902856667e-01
5.994009881519919958e+01	1.989595053274982872e-01
6.019143008204730450e+01	1.985734325108439446e-01
6.044303967578304793e+01	1.970171058351447568e-01
6.069446539940648933e+01	1.964067808380679792e-01
6.094594283876522667e+01	1.959381881286565708e-01
6.119752142863568878e+01	1.947293165928063174e-01
6.144920707655568037e+01	1.940047074995075727e-01
6.170042875117553649e+01	1.931981398333107725e-01
6.195135852331920745e+01	1.925262294587234968e-01
6.220292279118605450e+01	1.924040175451778578e-01
6.245429299708936099e+01	1.909091259440791610e-01
6.270516484212564734e+01	1.907168639724163006e-01
6.295654789617530156e+01	1.903951641146708063e-01
6.320814180923495940e+01	1.895439509203094008e-01
6.345941573738152641e+01	1.898793583845637123e-01
6.371040057052023542e+01	1.896008636883192155e-01
6.396185745578683424e+01	1.898860600691901768e-01
6.421368546549915379e+01	1.900500129507630420e-01
6.446479073454199238e+01	1.889715054754345924e-01
6.471588673409551973e+01	1.878422095323490915e-01
6.496730834160189261e+01	1.866347126907101361e-01
6.521856319783852030e+01	1.852572999965139133e-01
6.546992987326736113e+01	1.839097292608574130e-01
6.572120553073852989e+01	1.828334052429984036e-01
6.597232322532917692e+01	1.814303670571531524e-01
6.622368994537650622e+01	1.801404819252662437e-01
6.647513103932683975e+01	1.796843407083369704e-01
6.672672959741110787e+01	1.787586311478767120e-01
6.697798244417811020e+01	1.772683541608941760e-01
6.722885542524284119e+01	1.762469409717490332e-01
6.748048616955249202e+01	1.743992602377569257e-01
6.773229923195737001e+01	1.735840429680463870e-01
6.798322572139460362e+01	1.724385539540483347e-01
6.823447173775937813e+01	1.714340800196358927e-01
6.848606896751729778e+01	1.710072148596747943e-01
6.873741544680683546e+01	1.695882392891914781e-01
6.898873787744179253e+01	1.688374788570087548e-01
6.923979673744193519e+01	1.676854216366634176e-01
6.949145441276264989e+01	1.664317250634664569e-01
6.974265210301840057e+01	1.658885260057314515e-01
6.999344031108012132e+01	1.647460472405631871e-01
7.024493114765583357e+01	1.639020446650823470e-01
7.049642464225027538e+01	1.626643542643011753e-01
7.074774315836204153e+01	1.622503121418568395e-01
7.099906993548422918e+01	1.611149843754787481e-01
7.125054486425644029e+01	1.605497643053293566e-01
7.150182990423201090e+01	1.596647630454325895e-01
7.175309169194970593e+01	1.589325735441693976e-01
7.200430886966613286e+01	1.584754916983429351e-01
7.225563655627148307e+01	1.576670668898038918e-01
7.250698057097335436e+01	1.569691915708557872e-01
7.275814540940223196e+01	1.562585021634556315e-01
7.300954011634642882e+01	1.552299988070018344e-01
7.326094744803241099e+01	1.544204882610480667e-01
7.351241635922633577e+01	1.543495283149968200e-01
7.376385704484314942e+01	1.533223339098042370e-01
7.401507686011912313e+01	1.526415511339123676e-01
7.426642983754513239e+01	1.515866032082637260e-01
7.451774392350500875e+01	1.511421971050595781e-01
7.476888196695857403e+01	1.501810257964475148e-01
7.502031254291918572e+01	1.499479994206481259e-01
7.527179980263341008e+01	1.494860520324753639e-01
7.552311252549999665e+01	1.491348968419294596e-01
7.577409780062980360e+01	1.485725893836210842e-01
7.602551875404107307e+01	1.474477082535984584e-01
7.627713348914349467e+01	1.475642343491259945e-01
7.652808863434110265e+01	1.472487393577193715e-01
7.677928937816385258e+01	1.468288463731698135e-01
7.703080422988723797e+01	1.466310270279087835e-01
7.728259641407451852e+01	1.465260443584555095e-01
7.753362846048165125e+01	1.461802683561466143e-01
7.778433144503740948e+01	1.461330615010658918e-01
7.803587445609785789e+01	1.456510093059923128e-01
7.828752478929132508e+01	1.452215157336310125e-01
7.853900368295268208e+01	1.450751293115480345e-01
7.879021312407734001e+01	1.447312199759302476e-01
7.904165509986182769e+01	1.442505290143938634e-01
7.929330413459700821e+01	1.439378137136798630e-01
7.954446877222407863e+01	1.439704773106847413e-01
7.979551714753698377e+01	1.433675215025078942e-01
8.004692165377868207e+01	1.428147615933394177e-01
8.029810489950233432e+01	1.428103473946120971e-01
8.054908874480256031e+01	1.427246855430106265e-01
8.080044321541014085e+01	1.421942913539649411e-01
8.105216211323228492e+01	1.415730528892570894e-01
8.130349433109076074e+01	1.420002674865547543e-01
8.155444015076058406e+01	1.418082121498852044e-01
8.180579598042007206e+01	1.413362928158297671e-01
8.205747345046690100e+01	1.413656063690797715e-01
8.230895288137371324e+01	1.415610306408603691e-01
8.256017853616197044e+01	1.409880268262707070e-01
8.281171136842024794e+01	1.406220141636555232e-01
8.306338874103768433e+01	1.411882566278579443e-01
8.331416972271263433e+01	1.415603104394577982e-01
8.356490365514949303e+01	1.408080354638602816e-01
8.381669207113579034e+01	1.423144330983811268e-01
8.406812178552961257e+01	1.413770350618921701e-01
8.431890933464019611e+01	1.415395226022324870e-01
8.457023187027826339e+01	1.415367398102158891e-01
8.482151559398789686e+01	1.418550429460797846e-01
8.507283003168710422e+01	1.413939585909861352e-01
8.532426808165841692e+01	1.419196331840019143e-01
8.557600476924378086e+01	1.417448015102344694e-01
8.582757594343893004e+01	1.416522268739617285e-01
8.607831587296919906e+01	1.418112434819766565e-01
8.632961333877408094e+01	1.419848524552726199e-01
8.658121923681562748e+01	1.418160614876719516e-01
8.683268673150530503e+01	1.415680122876451785e-01
8.708396519721972595e+01	1.416830097488965268e-01
8.733506961066505880e+01	1.419795104478301095e-01
8.758618105842411694e+01	1.431232828728009054e-01
8.783752567351578477e+01	1.426682029641201110e-01
8.808868914679788986e+01	1.436004856898069060e-01
8.833994003395393690e+01	1.442394438181057170e-01
8.859174898584991809e+01	1.443513179425282844e-01
8.884303273375222432e+01	1.440562357264960625e-01
8.909352487970716084e+01	1.434858137001648326e-01
8.934511690540148265e+01	1.438643922560114974e-01
8.959715158813172309e+01	1.433348097471474902e-01
8.984803368908821142e+01	1.428287614478371825e-01
9.009924288814356430e+01	1.422005040617279337e-01
9.035039732041329330e+01	1.414709667115949254e-01
9.060151066709157419e+01	1.412867379030481596e-01
9.085215645777752513e+01	1.396830533329153357e-01
9.110358912880106175e+01	1.385412330003405190e-01
9.135593221689693166e+01	1.374611848717894325e-01
9.160680049007517312e+01	1.373437782137352514e-01
9.185814296072571494e+01	1.363227109027265183e-01
9.211014914083067140e+01	1.361821077112173040e-01
9.236133039430572467e+01	1.373707614050925230e-01
9.261226961967061300e+01	1.365418867142964288e-01
9.286339612223196127e+01	1.372495282037076714e-01
9.311503395193372512e+01	1.366200301731744782e-01
9.336621751977830286e+01	1.360630650735006331e-01
9.361677474844866254e+01	1.372065145597452240e-01
9.386828402731896404e+01	1.380424658044405450e-01
9.412013166396859276e+01	1.380756321571313117e-01
9.437159577797395116e+01	1.380860982190385833e-01
9.462215507964623384e+01	1.385874993902170005e-01
9.487303142853234306e+01	1.373241569436278731e-01
9.512563612801736213e+01	1.382008912377088450e-01
9.537712370347337298e+01	1.384189919667868640e-01
9.562770329733204733e+01	1.377501719567653937e-01
9.587952553542562839e+01	1.394722818636423278e-01
9.613214193709879396e+01	1.379797546148986698e-01
9.638292294616348954e+01	1.396361876242023514e-01
9.663323205539920480e+01	1.392533042839455837e-01
9.688575427051634392e+01	1.394875109481148734e-01
9.713720230214802598e+01	1.413414081162249203e-01
9.738711075112470894e+01	1.420073185012100669e-01
9.763880850310884796e+01	1.415315101705935108e-01
9.789195925073893534e+01	1.415098977699929539e-01
9.814276473823834124e+01	1.447626481539892596e-01
9.839200152577470249e+01	1.437352617822176271e-01
9.864436939619000100e+01	1.436830985565267227e-01
9.889657229158518703e+01	1.451715514710181509e-01
9.914654206758739008e+01	1.469974382454615758e-01
9.939737265117041431e+01	1.473881184681721523e-01
9.964971324453516388e+01	1.455263728145914925e-01
9.990221505033474614e+01	1.465972421582180663e-01
1.001521516083068519e+02	1.467017870686755654e-01
1.004020181344354228e+02	1.491402614040558683e-01
1.006555261342845853e+02	1.493371523553261304e-01
1.009078779715744503e+02	1.478873136287716106e-01
1.011564847190979037e+02	1.517478897578745656e-01
1.014077980390921851e+02	1.507320546561200514e-01
1.016621206036857075e+02	1.541563621168816900e-01
1.019133439536030323e+02	1.539940044516994178e-01
1.021611090492770160e+02	1.527493699017154205e-01
1.024134287982906386e+02	1.557649478830376577e-01
1.026689526987222933e+02	1.557000157198316637e-01
1.029179005362147450e+02	1.570195864017791820e-01
1.031645010122565509e+02	1.591069908539468336e-01
1.034190198448752227e+02	1.599934249139758624e-01
1.036740078018821123e+02	1.620201988391783698e-01
1.039223728592707516e+02	1.651517038228637047e-01
1.041718863957155321e+02	1.650576111202435303e-01
1.044269799004653407e+02	1.714865166396926099e-01
1.046773133673284093e+02	1.685309999225271249e-01
1.049203418007823814e+02	1.712144698601006376e-01
1.051759012379430231e+02	1.749387341903526349e-01
1.054364230283171651e+02	1.754587028599640108e-01
1.056811914497119176e+02	1.750755745261649565e-01
1.059215804876414495e+02	1.814849823535329976e-01
1.061816384917722758e+02	1.782134337055294726e-01
1.064472113030423515e+02	1.839247045606003383e-01
1.066878058983536732e+02	1.881900138106401832e-01
1.069236360402103827e+02	1.958492887939880245e-01
1.071892705778195563e+02	1.874828466888049383e-01
1.074586772409291342e+02	1.961407751168074975e-01
1.076879342587935611e+02	1.936724076582892473e-01
1.079185870885384446e+02	2.076553632683508233e-01
1.081956775747713095e+02	2.029179810503170256e-01
1.084728105259587352e+02	2.156808004059100614e-01
1.086839161354765366e+02	2.155557629866292069e-01
1.089114578639759117e+02	2.161217504674614043e-01
1.091979138747751392e+02	2.511346324531222307e-01
1.094826115122194068e+02	2.384688961050232536e-01
1.096995281563482934e+02	2.476713250325398574e-01
1.099149327348783771e+02	2.261069772979644732e-01
1.102017255337961075e+02	2.830732635008885723e-01
1.104879737748566555e+02	2.818568520953181888e-01
1.107157115274964241e+02	2.907367459726187264e-01
1.109132792987308136e+02	3.510056291246141935e-01
1.111862324688471801e+02	3.237293053843509627e-01
1.114398329385503388e+02	2.863103593381492035e-02